layout_spectrum: 0.5896821
typography_spectrum: 0.1663105
color:
  saturation: 0.6508515
  lightness: 0.6187153
  brandStrength: 0.4877583
  rhythmicContrast: 0.08233353
name: waterdamage
